1464815431.065118789673, 17.949998855591, 0.087267547846
1464815431.079489707947, 17.940000534058, 0.095994234085
1464815431.091338634491, 17.920000076294, 0.087267547846
1464815431.106168270111, 17.920000076294, 0.095994234085
1464815431.119261980057, 17.909999847412, 0.087267547846
1464815431.131544828415, 17.920000076294, 0.078540943563
1464815431.146970033646, 17.920000076294, 0.087267547846
1464815431.159340620041, 17.920000076294, 0.095994234085
1464815431.172247171402, 17.940000534058, 0.087267547846
1464815431.186297893524, 17.909999847412, 0.095994234085
1464815431.198103666306, 17.909999847412, 0.087267547846
1464815431.212957859039, 17.909999847412, 0.095994234085
1464815431.225293159485, 17.920000076294, 0.087267547846
1464815431.238455295563, 17.909999847412, 0.095994234085
1464815431.251194715500, 17.909999847412, 0.087267547846
1464815431.266164064407, 17.920000076294, 0.095994234085
1464815431.279659032822, 17.920000076294, 0.087267547846
1464815431.291466236115, 17.909999847412, 0.095994234085
1464815431.306284666061, 17.909999847412, 0.087267547846
1464815431.318206310272, 17.909999847412, 0.095994234085
1464815431.332167387009, 17.920000076294, 0.087267547846
1464815431.345343351364, 17.940000534058, 0.095994234085
1464815431.359361410141, 17.920000076294, 0.087267547846
1464815431.372367143631, 17.909999847412, 0.095994234085
1464815431.386240959167, 17.940000534058, 0.087267547846
1464815431.399291038513, 17.920000076294, 0.095994234085
1464815431.411278963089, 17.899999618530, 0.087267547846
1464815431.425250053406, 17.899999618530, 0.095994234085
1464815431.438311576843, 17.920000076294, 0.087267547846
1464815431.453385114670, 17.920000076294, 0.095994234085
1464815431.465453863144, 17.920000076294, 0.087267547846
1464815431.480264663696, 17.920000076294, 0.095994234085
1464815431.493268251419, 17.940000534058, 0.087267547846
1464815431.506318569183, 17.920000076294, 0.095994234085
1464815431.518223047256, 17.909999847412, 0.087267547846
1464815431.533211708069, 17.920000076294, 0.095994234085
1464815431.546267271042, 17.920000076294, 0.087267547846
1464815431.559053659439, 17.909999847412, 0.095994234085
1464815431.573202371597, 17.920000076294, 0.087267547846
1464815431.586469411850, 17.920000076294, 0.095994234085
1464815431.599665403366, 17.909999847412, 0.087267547846
1464815431.614367723465, 17.920000076294, 0.095994234085
1464815431.626419305801, 17.909999847412, 0.087267547846
1464815431.638271331787, 17.909999847412, 0.095994234085
1464815431.653377056122, 17.909999847412, 0.087267547846
1464815431.665261507034, 17.920000076294, 0.078540943563
1464815431.679171323776, 17.909999847412, 0.087267547846
1464815431.692259550095, 17.899999618530, 0.095994234085
1464815431.706730127335, 17.920000076294, 0.087267547846
1464815431.720149517059, 17.899999618530, 0.095994234085
1464815431.733162403107, 17.899999618530, 0.087267547846
1464815431.745319366455, 17.909999847412, 0.095994234085
1464815431.760238170624, 17.940000534058, 0.087267547846
1464815431.772173404694, 17.909999847412, 0.095994234085
1464815431.785365819931, 17.909999847412, 0.087267547846
1464815431.799214839935, 17.909999847412, 0.095994234085
1464815431.813179016113, 17.909999847412, 0.087267547846
1464815431.825177669525, 17.909999847412, 0.095994234085
1464815431.841805219650, 17.920000076294, 0.087267547846
1464815431.853264808655, 17.909999847412, 0.095994234085
1464815431.865124464035, 17.909999847412, 0.087267547846
1464815431.879323482513, 17.909999847412, 0.095994234085
1464815431.893138647079, 17.899999618530, 0.087267547846
1464815431.905261993408, 17.899999618530, 0.095994234085
1464815431.921254873276, 17.889999389648, 0.087267547846
1464815431.932328462601, 17.909999847412, 0.078540943563
1464815431.947239637375, 17.889999389648, 0.087267547846
1464815431.959311485291, 17.909999847412, 0.095994234085
1464815431.976175785065, 17.909999847412, 0.087267547846
1464815431.986138820648, 17.909999847412, 0.095994234085
1464815431.999245405197, 17.909999847412, 0.087267547846
1464815432.013276576996, 17.889999389648, 0.095994234085
1464815432.026167392731, 17.909999847412, 0.087267547846
1464815432.039662122726, 17.889999389648, 0.095994234085
1464815432.053226709366, 17.909999847412, 0.087267547846
1464815432.067056179047, 17.879999160767, 0.095994234085
1464815432.080743789673, 17.909999847412, 0.087267547846
1464815432.092312574387, 17.889999389648, 0.095994234085
1464815432.106332540512, 17.899999618530, 0.087267547846
1464815432.119277954102, 17.889999389648, 0.095994234085
1464815432.133329391479, 17.879999160767, 0.087267547846
1464815432.145580053329, 17.889999389648, 0.095994234085
1464815432.159392118454, 17.889999389648, 0.087267547846
1464815432.173585176468, 17.879999160767, 0.095994234085
1464815432.186322927475, 17.889999389648, 0.087267547846
1464815432.199381589890, 17.879999160767, 0.078540943563
1464815432.213693141937, 17.889999389648, 0.087267547846
1464815432.226866722107, 17.879999160767, 0.095994234085
1464815432.240446805954, 17.889999389648, 0.069814257324
1464815432.253429174423, 17.859998703003, 0.095994234085
1464815432.266263484955, 17.889999389648, 0.087267547846
1464815432.281309843063, 17.850000381470, 0.095994234085
1464815432.292998790741, 17.879999160767, 0.087267547846
1464815432.306192159653, 17.859998703003, 0.095994234085
1464815432.321311235428, 17.869998931885, 0.087267547846
1464815432.335810184479, 17.850000381470, 0.095994234085
1464815432.346400499344, 17.879999160767, 0.087267547846
1464815432.361047983170, 17.840000152588, 0.095994234085
1464815432.373625278473, 17.829999923706, 0.087267547846
1464815432.388484954834, 17.850000381470, 0.078540943563
1464815432.399650812149, 17.829999923706, 0.087267547846
1464815432.411525011063, 17.829999923706, 0.095994234085
1464815432.425471544266, 17.829999923706, 0.087267547846
1464815432.439570188522, 17.840000152588, 0.078540943563
1464815432.452444076538, 17.829999923706, 0.087267547846
1464815432.466449022293, 17.829999923706, 0.095994234085
1464815432.479456186295, 17.829999923706, 0.087267547846
1464815432.492513179779, 17.829999923706, 0.095994234085
1464815432.506501913071, 17.809999465942, 0.087267547846
1464815432.519452095032, 17.819999694824, 0.095994234085
1464815432.533497095108, 17.819999694824, 0.087267547846
1464815432.546592473984, 17.799999237061, 0.095994234085
1464815432.560227394104, 17.789999008179, 0.087267547846
1464815432.571676254272, 17.799999237061, 0.095994234085
1464815432.586578845978, 17.789999008179, 0.087267547846
1464815432.600761413574, 17.799999237061, 0.095994234085
1464815432.613581180573, 17.789999008179, 0.087267547846
1464815432.627663373947, 17.779998779297, 0.095994234085
1464815432.639694690704, 17.779998779297, 0.087267547846
1464815432.653832674026, 17.770000457764, 0.095994234085
1464815432.665967702866, 17.760000228882, 0.087267547846
1464815432.679512262344, 17.760000228882, 0.095994234085
1464815432.693590879440, 17.770000457764, 0.087267547846
1464815432.705676078796, 17.760000228882, 0.095994234085
1464815432.719714879990, 17.760000228882, 0.087267547846
1464815432.732752323151, 17.750000000000, 0.095994234085
1464815432.746686697006, 17.729999542236, 0.087267547846
1464815432.758694648743, 17.729999542236, 0.095994234085
1464815432.773626327515, 17.739999771118, 0.087267547846
1464815432.785742521286, 17.729999542236, 0.095994234085
1464815432.799777030945, 17.719999313354, 0.087267547846
1464815432.812776088715, 17.699998855591, 0.095994234085
1464815432.827595949173, 17.719999313354, 0.087267547846
1464815432.839909791946, 17.709999084473, 0.095994234085
1464815432.852794408798, 17.709999084473, 0.087267547846
1464815432.867744684219, 17.699998855591, 0.095994234085
1464815432.879737377167, 17.690000534058, 0.087267547846
1464815432.893917322159, 17.680000305176, 0.095994234085
1464815432.906569004059, 17.670000076294, 0.087267547846
1464815432.918699741364, 17.670000076294, 0.095994234085
1464815432.932668447495, 17.690000534058, 0.087267547846
1464815432.946608781815, 17.670000076294, 0.095994234085
1464815432.961023330688, 17.680000305176, 0.087267547846
1464815432.973562479019, 17.649999618530, 0.095994234085
1464815432.985542535782, 17.649999618530, 0.087267547846
1464815432.998695611954, 17.639999389648, 0.095994234085
1464815433.013629436493, 17.649999618530, 0.087267547846
1464815433.026552915573, 17.639999389648, 0.078540943563
1464815433.040515184402, 17.619998931885, 0.087267547846
1464815433.052642583847, 17.619998931885, 0.095994234085
1464815433.065521717072, 17.619998931885, 0.087267547846
1464815433.079530239105, 17.600000381470, 0.095994234085
1464815433.092675447464, 17.619998931885, 0.087267547846
1464815433.106606245041, 17.569999694824, 0.095994234085
1464815433.119498014450, 17.590000152588, 0.087267547846
1464815433.133445262909, 17.559999465942, 0.095994234085
1464815433.145668268204, 17.590000152588, 0.069814257324
1464815433.160551786423, 17.549999237061, 0.095994234085
1464815433.172437667847, 17.529998779297, 0.087267547846
1464815433.187450647354, 17.539999008179, 0.095994234085
1464815433.200535535812, 17.549999237061, 0.069814257324
1464815433.212579011917, 17.520000457764, 0.095994234085
1464815433.226500272751, 17.510000228882, 0.087267547846
1464815433.240468025208, 17.510000228882, 0.095994234085
1464815433.252820014954, 17.520000457764, 0.087267547846
1464815433.265464544296, 17.489999771118, 0.095994234085
1464815433.280465841293, 17.500000000000, 0.087267547846
1464815433.293435335159, 17.479999542236, 0.095994234085
1464815433.306693315506, 17.479999542236, 0.087267547846
1464815433.320389986038, 17.449998855591, 0.095994234085
1464815433.333710908890, 17.479999542236, 0.069814257324
1464815433.347502470016, 17.440000534058, 0.095994234085
1464815433.362756252289, 17.459999084473, 0.087267547846
1464815433.373569726944, 17.430000305176, 0.078540943563
1464815433.388573169708, 17.430000305176, 0.087267547846
1464815433.399575233459, 17.409999847412, 0.095994234085
1464815433.413593769073, 17.409999847412, 0.087267547846
1464815433.427613258362, 17.389999389648, 0.095994234085
1464815433.440670013428, 17.389999389648, 0.087267547846
1464815433.453807830811, 17.369998931885, 0.095994234085
1464815433.466621875763, 17.359998703003, 0.087267547846
1464815433.479598283768, 17.340000152588, 0.095994234085
1464815433.492569208145, 17.350000381470, 0.087267547846
1464815433.506704330444, 17.340000152588, 0.095994234085
1464815433.519709348679, 17.340000152588, 0.087267547846
1464815433.532577753067, 17.319999694824, 0.095994234085
1464815433.546602010727, 17.329999923706, 0.087267547846
1464815433.559482574463, 17.299999237061, 0.095994234085
1464815433.572556018829, 17.319999694824, 0.087267547846
1464815433.587815523148, 17.270000457764, 0.095994234085
1464815433.599784851074, 17.289999008179, 0.069814257324
1464815433.612710714340, 17.250000000000, 0.095994234085
1464815433.626869678497, 17.270000457764, 0.087267547846
1464815433.640864610672, 17.250000000000, 0.095994234085
1464815433.652774333954, 17.250000000000, 0.087267547846
1464815433.666753768921, 17.209999084473, 0.095994234085
1464815433.680799961090, 17.219999313354, 0.087267547846
1464815433.693709135056, 17.199998855591, 0.095994234085
1464815433.706828832626, 17.190000534058, 0.087267547846
1464815433.720599412918, 17.180000305176, 0.095994234085
1464815433.734544754028, 17.190000534058, 0.087267547846
1464815433.747588157654, 17.170000076294, 0.095994234085
1464815433.760585546494, 17.159999847412, 0.087267547846
1464815433.774739027023, 17.139999389648, 0.095994234085
1464815433.786599397659, 17.149999618530, 0.087267547846
1464815433.800582885742, 17.119998931885, 0.095994234085
1464815433.812743186951, 17.109998703003, 0.087267547846
1464815433.826987743378, 17.109998703003, 0.095994234085
1464815433.841213941574, 17.109998703003, 0.087267547846
1464815433.853565931320, 17.079999923706, 0.095994234085
1464815433.866631031036, 17.090000152588, 0.087267547846
1464815433.882024049759, 17.059999465942, 0.095994234085
1464815433.892616510391, 17.049999237061, 0.087267547846
1464815433.906770706177, 17.039999008179, 0.095994234085
1464815433.920617103577, 17.039999008179, 0.087267547846
1464815433.933584690094, 17.000000000000, 0.095994234085
1464815433.946391582489, 17.020000457764, 0.087267547846
1464815433.960592031479, 17.020000457764, 0.078540943563
1464815433.975807189941, 16.989999771118, 0.087267547846
1464815433.986767530441, 16.989999771118, 0.095994234085
1464815433.999581813812, 16.979999542236, 0.087267547846
1464815434.013888120651, 16.959999084473, 0.095994234085
1464815434.028005599976, 16.969999313354, 0.087267547846
1464815434.041018962860, 16.949998855591, 0.095994234085
1464815434.053811788559, 16.940000534058, 0.087267547846
1464815434.067062616348, 16.920000076294, 0.095994234085
1464815434.080649852753, 16.930000305176, 0.087267547846
1464815434.093576192856, 16.909999847412, 0.095994234085
1464815434.107519149780, 16.899999618530, 0.087267547846
1464815434.119749069214, 16.879999160767, 0.095994234085
1464815434.133579730988, 16.869998931885, 0.087267547846
1464815434.151860952377, 16.840000152588, 0.095994234085
1464815434.160914182663, 16.859998703003, 0.087267547846
1464815434.173805713654, 16.829999923706, 0.095994234085
1464815434.186789512634, 16.829999923706, 0.087267547846
1464815434.200877428055, 16.809999465942, 0.095994234085
1464815434.213561296463, 16.789999008179, 0.087267547846
1464815434.227622985840, 16.779998779297, 0.095994234085
1464815434.243388652802, 16.779998779297, 0.087267547846
1464815434.253701448441, 16.750000000000, 0.095994234085
1464815434.266648769379, 16.770000457764, 0.087267547846
1464815434.279676198959, 16.739999771118, 0.095994234085
1464815434.293688297272, 16.739999771118, 0.087267547846
1464815434.307694435120, 16.719999313354, 0.078540943563
1464815434.320810556412, 16.729999542236, 0.087267547846
1464815434.332654953003, 16.709999084473, 0.095994234085
1464815434.347840070724, 16.699998855591, 0.087267547846
1464815434.360741853714, 16.680000305176, 0.095994234085
1464815434.373848438263, 16.659999847412, 0.087267547846
1464815434.387626886368, 16.649999618530, 0.095994234085
1464815434.399665355682, 16.649999618530, 0.087267547846
1464815434.414792537689, 16.639999389648, 0.095994234085
1464815434.426729440689, 16.649999618530, 0.069814257324
1464815434.440596342087, 16.609998703003, 0.095994234085
1464815434.454630613327, 16.619998931885, 0.087267547846
1464815434.466624736786, 16.579999923706, 0.095994234085
1464815434.479535341263, 16.590000152588, 0.087267547846
1464815434.494618415833, 16.559999465942, 0.095994234085
1464815434.506572484970, 16.549999237061, 0.087267547846
1464815434.519589900970, 16.529998779297, 0.095994234085
1464815434.534677743912, 16.539999008179, 0.087267547846
1464815434.547577142715, 16.500000000000, 0.095994234085
1464815434.560534238815, 16.510000228882, 0.087267547846
1464815434.573581457138, 16.479999542236, 0.095994234085
1464815434.587616682053, 16.479999542236, 0.087267547846
1464815434.599593639374, 16.459999084473, 0.095994234085
1464815434.613613605499, 16.459999084473, 0.087267547846
1464815434.632805109024, 16.430000305176, 0.095994234085
1464815434.641331672668, 16.430000305176, 0.087267547846
1464815434.654534816742, 16.420000076294, 0.095994234085
1464815434.667742967606, 16.420000076294, 0.087267547846
1464815434.679538011551, 16.389999389648, 0.095994234085
1464815434.694643974304, 16.389999389648, 0.087267547846
1464815434.706799745560, 16.350000381470, 0.095994234085
1464815434.721544504166, 16.369998931885, 0.087267547846
1464815434.733593702316, 16.340000152588, 0.095994234085
1464815434.746634483337, 16.340000152588, 0.087267547846
1464815434.760632514954, 16.319999694824, 0.095994234085
1464815434.773740530014, 16.289999008179, 0.087267547846
1464815434.787769556046, 16.279998779297, 0.095994234085
1464815434.800809144974, 16.279998779297, 0.087267547846
1464815434.814576387405, 16.260000228882, 0.095994234085
1464815434.825553178787, 16.260000228882, 0.087267547846
1464815434.840620040894, 16.229999542236, 0.095994234085
1464815434.853591203690, 16.229999542236, 0.087267547846
1464815434.866540670395, 16.209999084473, 0.095994234085
1464815434.881906986237, 16.199998855591, 0.087267547846
1464815434.895946979523, 16.190000534058, 0.095994234085
1464815434.907702922821, 16.170000076294, 0.087267547846
1464815434.920483589172, 16.159999847412, 0.095994234085
1464815434.933446884155, 16.129999160767, 0.087267547846
1464815434.947608947754, 16.129999160767, 0.095994234085
1464815434.961127519608, 16.129999160767, 0.087267547846
1464815434.975421905518, 16.109998703003, 0.095994234085
1464815434.986642599106, 16.100000381470, 0.087267547846
1464815435.001518487930, 16.079999923706, 0.095994234085
1464815435.013517618179, 16.079999923706, 0.087267547846
1464815435.027482748032, 16.039999008179, 0.095994234085
1464815435.042510747910, 16.059999465942, 0.087267547846
1464815435.053506851196, 16.020000457764, 0.095994234085
1464815435.068104267120, 16.020000457764, 0.087267547846
1464815435.081567525864, 15.989999771118, 0.095994234085
1464815435.093476533890, 15.989999771118, 0.087267547846
1464815435.107495546341, 15.969999313354, 0.095994234085
1464815435.121642351151, 15.960000038147, 0.087267547846
1464815435.133583307266, 15.929999351501, 0.095994234085
1464815435.147779703140, 15.939999580383, 0.087267547846
1464815435.161650180817, 15.899999618530, 0.095994234085
1464815435.174519538879, 15.909999847412, 0.087267547846
1464815435.187574386597, 15.889999389648, 0.095994234085
1464815435.201553583145, 15.889999389648, 0.087267547846
1464815435.213625192642, 15.849999427795, 0.095994234085
1464815435.228514432907, 15.839999198914, 0.087267547846
1464815435.241575717926, 15.829999923706, 0.095994234085
1464815435.254581212997, 15.819999694824, 0.087267547846
1464815435.267557621002, 15.799999237061, 0.095994234085
1464815435.280540943146, 15.799999237061, 0.087267547846
1464815435.293666839600, 15.759999275208, 0.095994234085
1464815435.311847925186, 15.769999504089, 0.087267547846
1464815435.319879055023, 15.729999542236, 0.095994234085
1464815435.332876443863, 15.719999313354, 0.087267547846
1464815435.346953630447, 15.710000038147, 0.095994234085
1464815435.360987186432, 15.689999580383, 0.087267547846
1464815435.374156713486, 15.679999351501, 0.095994234085
1464815435.386868476868, 15.670000076294, 0.087267547846
1464815435.401108741760, 15.639999389648, 0.095994234085
1464815435.414088249207, 15.639999389648, 0.087267547846
1464815435.426021814346, 15.609999656677, 0.095994234085
1464815435.439831256866, 15.599999427795, 0.087267547846
1464815435.453969001770, 15.579999923706, 0.095994234085
1464815435.468105316162, 15.579999923706, 0.087267547846
1464815435.479964971542, 15.539999961853, 0.095994234085
1464815435.494018077850, 15.559999465942, 0.087267547846
1464815435.507895946503, 15.529999732971, 0.095994234085
1464815435.520932674408, 15.529999732971, 0.087267547846
1464815435.533821821213, 15.489999771118, 0.095994234085
1464815435.548038244247, 15.489999771118, 0.087267547846
1464815435.560838699341, 15.460000038147, 0.095994234085
1464815435.574408769608, 15.449999809265, 0.087267547846
1464815435.588194847107, 15.409999847412, 0.095994234085
1464815435.602018833160, 15.429999351501, 0.087267547846
1464815435.614002227783, 15.399999618530, 0.095994234085
1464815435.627109766006, 15.389999389648, 0.087267547846
1464815435.641025781631, 15.359999656677, 0.095994234085
1464815435.655073404312, 15.359999656677, 0.087267547846
1464815435.667970895767, 15.309999465942, 0.095994234085
1464815435.681204319000, 15.319999694824, 0.087267547846
1464815435.693861961365, 15.289999961853, 0.095994234085
1464815435.707065820694, 15.289999961853, 0.087267547846
1464815435.721185445786, 15.259999275208, 0.095994234085
1464815435.734959840775, 15.259999275208, 0.087267547846
1464815435.746959447861, 15.210000038147, 0.095994234085
1464815435.761235237122, 15.219999313354, 0.087267547846
1464815435.773910284042, 15.210000038147, 0.095994234085
1464815435.788026094437, 15.199999809265, 0.087267547846
1464815435.801544427872, 15.179999351501, 0.095994234085
1464815435.813934087753, 15.170000076294, 0.087267547846
1464815435.828041553497, 15.130000114441, 0.095994234085
1464815435.841063261032, 15.130000114441, 0.087267547846
1464815435.855000257492, 15.109999656677, 0.095994234085
1464815435.867967128754, 15.119999885559, 0.069814257324
1464815435.879939079285, 15.069999694824, 0.095994234085
1464815435.894133090973, 15.059999465942, 0.087267547846
1464815435.907152891159, 15.049999237061, 0.095994234085
1464815435.921351671219, 15.029999732971, 0.087267547846
1464815435.934243202209, 15.009999275208, 0.095994234085
1464815435.948204755783, 15.000000000000, 0.087267547846
1464815435.960273981094, 14.979999542236, 0.078540943563
1464815435.974287509918, 14.969999313354, 0.087267547846
1464815435.987279176712, 14.929999351501, 0.095994234085
1464815436.001138448715, 14.929999351501, 0.087267547846
1464815436.014235496521, 14.909999847412, 0.095994234085
1464815436.027298450470, 14.899999618530, 0.087267547846
1464815436.041293382645, 14.869999885559, 0.095994234085
1464815436.054232835770, 14.859999656677, 0.087267547846
1464815436.066383600235, 14.839999198914, 0.095994234085
1464815436.081261157990, 14.839999198914, 0.087267547846
1464815436.094164371490, 14.819999694824, 0.095994234085
1464815436.107277154922, 14.809999465942, 0.087267547846
1464815436.121335506439, 14.769999504089, 0.095994234085
1464815436.134330749512, 14.759999275208, 0.087267547846
1464815436.148230791092, 14.739999771118, 0.095994234085
1464815436.161296844482, 14.739999771118, 0.087267547846
1464815436.174339294434, 14.719999313354, 0.078540943563
1464815436.187292575836, 14.710000038147, 0.087267547846
1464815436.201472997665, 14.679999351501, 0.095994234085
1464815436.214323759079, 14.659999847412, 0.087267547846
1464815436.228945255280, 14.639999389648, 0.095994234085
1464815436.241301774979, 14.630000114441, 0.087267547846
1464815436.254375457764, 14.609999656677, 0.095994234085
1464815436.267991065979, 14.599999427795, 0.087267547846
1464815436.282056808472, 14.579999923706, 0.095994234085
1464815436.293964147568, 14.569999694824, 0.087267547846
1464815436.308003664017, 14.549999237061, 0.095994234085
1464815436.321938991547, 14.539999961853, 0.087267547846
1464815436.334066867828, 14.509999275208, 0.095994234085
1464815436.349139451981, 14.509999275208, 0.087267547846
1464815436.360221385956, 14.469999313354, 0.095994234085
1464815436.374400377274, 14.469999313354, 0.087267547846
1464815436.387332201004, 14.429999351501, 0.095994234085
1464815436.400022745132, 14.439999580383, 0.087267547846
1464815436.413905858994, 14.420000076294, 0.078540943563
1464815436.428110122681, 14.399999618530, 0.087267547846
1464815436.441091299057, 14.380000114441, 0.095994234085
1464815436.458522081375, 14.380000114441, 0.087267547846
1464815436.467904567719, 14.340000152588, 0.095994234085
1464815436.481065750122, 14.329999923706, 0.087267547846
1464815436.494057655334, 14.299999237061, 0.095994234085
1464815436.507938623428, 14.299999237061, 0.087267547846
1464815436.521008014679, 14.289999961853, 0.095994234085
1464815436.534930229187, 14.269999504089, 0.087267547846
1464815436.547882080078, 14.250000000000, 0.095994234085
1464815436.562155246735, 14.250000000000, 0.087267547846
1464815436.574918508530, 14.210000038147, 0.095994234085
1464815436.587917804718, 14.210000038147, 0.087267547846
1464815436.600933313370, 14.189999580383, 0.095994234085
1464815436.614915370941, 14.179999351501, 0.087267547846
1464815436.628103256226, 14.159999847412, 0.095994234085
1464815436.641927003860, 14.139999389648, 0.087267547846
1464815436.660142183304, 14.099999427795, 0.095994234085
1464815436.668310403824, 14.109999656677, 0.087267547846
1464815436.680157899857, 14.079999923706, 0.095994234085
1464815436.695204734802, 14.069999694824, 0.087267547846
1464815436.708214521408, 14.039999961853, 0.095994234085
1464815436.720029354095, 14.059999465942, 0.087267547846
1464815436.734182357788, 14.019999504089, 0.095994234085
1464815436.748190402985, 14.009999275208, 0.087267547846
1464815436.761206388474, 13.979999542236, 0.095994234085
1464815436.774300336838, 13.979999542236, 0.087267547846
1464815436.787629365921, 13.949999809265, 0.095994234085
1464815436.801032543182, 13.939999580383, 0.087267547846
1464815436.815346240997, 13.920000076294, 0.095994234085
1464815436.827380895615, 13.909999847412, 0.087267547846
1464815436.841405153275, 13.880000114441, 0.095994234085
1464815436.854289293289, 13.880000114441, 0.087267547846
1464815436.869283914566, 13.849999427795, 0.095994234085
1464815436.881265640259, 13.849999427795, 0.087267547846
1464815436.895393610001, 13.819999694824, 0.095994234085
1464815436.908749103546, 13.819999694824, 0.087267547846
1464815436.920458555222, 13.779999732971, 0.095994234085
1464815436.934049844742, 13.789999961853, 0.069814257324
1464815436.954194545746, 13.739999771118, 0.095994234085
1464815436.961043596268, 13.739999771118, 0.087267547846
1464815436.975027799606, 13.729999542236, 0.095994234085
1464815436.991108179092, 13.710000038147, 0.087267547846
1464815437.001343250275, 13.689999580383, 0.095994234085
1464815437.014574527740, 13.679999351501, 0.087267547846
1464815437.029372692108, 13.670000076294, 0.095994234085
1464815437.042392492294, 13.649999618530, 0.087267547846
1464815437.054377794266, 13.609999656677, 0.095994234085
1464815437.068190336227, 13.609999656677, 0.087267547846
1464815437.084089040756, 13.579999923706, 0.095994234085
1464815437.094026803970, 13.579999923706, 0.087267547846
1464815437.107048988342, 13.549999237061, 0.095994234085
1464815437.122018814087, 13.549999237061, 0.087267547846
1464815437.133995532990, 13.529999732971, 0.095994234085
1464815437.147983074188, 13.509999275208, 0.087267547846
1464815437.161949396133, 13.479999542236, 0.095994234085
1464815437.174114227295, 13.479999542236, 0.087267547846
1464815437.189189672470, 13.449999809265, 0.095994234085
1464815437.202359437943, 13.449999809265, 0.087267547846
1464815437.214645385742, 13.409999847412, 0.095994234085
1464815437.227670907974, 13.409999847412, 0.087267547846
1464815437.241552352905, 13.380000114441, 0.095994234085
1464815437.254518032074, 13.369999885559, 0.087267547846
1464815437.266474962234, 13.340000152588, 0.095994234085
1464815437.281496047974, 13.349999427795, 0.087267547846
1464815437.293498992920, 13.309999465942, 0.095994234085
1464815437.308522939682, 13.289999961853, 0.087267547846
1464815437.321509122849, 13.279999732971, 0.095994234085
1464815437.334478616714, 13.279999732971, 0.087267547846
1464815437.347687721252, 13.239999771118, 0.095994234085
1464815437.361534118652, 13.229999542236, 0.087267547846
1464815437.374977827072, 13.210000038147, 0.095994234085
1464815437.388702630997, 13.199999809265, 0.087267547846
1464815437.401798486710, 13.159999847412, 0.095994234085
1464815437.415844917297, 13.149999618530, 0.087267547846
1464815437.428957223892, 13.130000114441, 0.095994234085
1464815437.441721916199, 13.119999885559, 0.087267547846
1464815437.454821825027, 13.090000152588, 0.095994234085
1464815437.469731807709, 13.079999923706, 0.087267547846
1464815437.481683492661, 13.059999465942, 0.095994234085
1464815437.494478225708, 13.049999237061, 0.087267547846
1464815437.508496999741, 13.029999732971, 0.095994234085
1464815437.521635293961, 13.009999275208, 0.087267547846
1464815437.534527301788, 12.979999542236, 0.095994234085
1464815437.547401189804, 12.979999542236, 0.087267547846
1464815437.561562776566, 12.949999809265, 0.095994234085
1464815437.575511455536, 12.939999580383, 0.087267547846
1464815437.588699340820, 12.929999351501, 0.095994234085
1464815437.600476503372, 12.899999618530, 0.087267547846
1464815437.614558219910, 12.889999389648, 0.095994234085
1464815437.628725528717, 12.880000114441, 0.087267547846
1464815437.641396284103, 12.840000152588, 0.095994234085
1464815437.654582262039, 12.829999923706, 0.087267547846
1464815437.667494058609, 12.809999465942, 0.095994234085
1464815437.680500745773, 12.789999961853, 0.087267547846
1464815437.695603370667, 12.779999732971, 0.095994234085
1464815437.708559036255, 12.759999275208, 0.087267547846
1464815437.720522880554, 12.739999771118, 0.095994234085
1464815437.734557151794, 12.719999313354, 0.087267547846
1464815437.748509645462, 12.699999809265, 0.095994234085
1464815437.761640310287, 12.689999580383, 0.087267547846
1464815437.774466991425, 12.649999618530, 0.095994234085
1464815437.788807630539, 12.649999618530, 0.087267547846
1464815437.800892591476, 12.630000114441, 0.095994234085
1464815437.815752744675, 12.619999885559, 0.087267547846
1464815437.827721118927, 12.569999694824, 0.095994234085
1464815437.841570615768, 12.569999694824, 0.087267547846
1464815437.855957746506, 12.539999961853, 0.095994234085
1464815437.868016242981, 12.550000190735, 0.087267547846
1464815437.881098031998, 12.509999275208, 0.095994234085
1464815437.895811557770, 12.479999542236, 0.087267547846
1464815437.907874822617, 12.460000038147, 0.095994234085
1464815437.921865463257, 12.460000038147, 0.087267547846
1464815437.936003684998, 12.429999351501, 0.095994234085
1464815437.950240373611, 12.420000076294, 0.087267547846
1464815437.961103916168, 12.399999618530, 0.095994234085
1464815437.976109266281, 12.380000114441, 0.087267547846
1464815437.988045930862, 12.349999427795, 0.095994234085
1464815438.002123117447, 12.340000152588, 0.087267547846
1464815438.015302896500, 12.309999465942, 0.095994234085
1464815438.029299736023, 12.309999465942, 0.087267547846
1464815438.041028738022, 12.269999504089, 0.095994234085
1464815438.055110931396, 12.269999504089, 0.087267547846
1464815438.068117141724, 12.250000000000, 0.078540943563
1464815438.082392692566, 12.229999542236, 0.087267547846
1464815438.096109867096, 12.210000038147, 0.078540943563
1464815438.108096599579, 12.179999351501, 0.087267547846
1464815438.121051549911, 12.159999847412, 0.095994234085
1464815438.135140657425, 12.149999618530, 0.087267547846
1464815438.148094177246, 12.109999656677, 0.095994234085
1464815438.162029743195, 12.119999885559, 0.087267547846
1464815438.175194740295, 12.069999694824, 0.095994234085
1464815438.187038421631, 12.069999694824, 0.087267547846
1464815438.203116893768, 12.029999732971, 0.095994234085
1464815438.215120792389, 12.029999732971, 0.087267547846
1464815438.228049993515, 12.000000000000, 0.095994234085
1464815438.242048978806, 11.989999771118, 0.087267547846
1464815438.256043672562, 11.960000038147, 0.095994234085
1464815438.270356893539, 11.939999580383, 0.087267547846
1464815438.282274007797, 11.909999847412, 0.095994234085
1464815438.294818401337, 11.899999618530, 0.087267547846
1464815438.307786226273, 11.880000114441, 0.095994234085
1464815438.321997880936, 11.859999656677, 0.087267547846
1464815438.336374044418, 11.849999427795, 0.095994234085
1464815438.348895549774, 11.829999923706, 0.087267547846
1464815438.361820697784, 11.800000190735, 0.095994234085
1464815438.375089406967, 11.800000190735, 0.087267547846
1464815438.388065814972, 11.769999504089, 0.095994234085
1464815438.402087926865, 11.739999771118, 0.087267547846
1464815438.415040731430, 11.719999313354, 0.095994234085
1464815438.429018020630, 11.719999313354, 0.087267547846
1464815438.442296266556, 11.670000076294, 0.095994234085
1464815438.455095767975, 11.670000076294, 0.087267547846
1464815438.469305276871, 11.649999618530, 0.095994234085
1464815438.481300354004, 11.639999389648, 0.087267547846
1464815438.495854139328, 11.599999427795, 0.095994234085
1464815438.509848594666, 11.590000152588, 0.087267547846
1464815438.521784067154, 11.559999465942, 0.095994234085
1464815438.534826755524, 11.559999465942, 0.087267547846
1464815438.548810482025, 11.519999504089, 0.095994234085
1464815438.561901330948, 11.529999732971, 0.087267547846
1464815438.574915647507, 11.489999771118, 0.095994234085
1464815438.589068174362, 11.479999542236, 0.087267547846
1464815438.601855278015, 11.439999580383, 0.095994234085
1464815438.614862203598, 11.429999351501, 0.087267547846
1464815438.628839492798, 11.399999618530, 0.095994234085
1464815438.642000436783, 11.389999389648, 0.087267547846
1464815438.657009601593, 11.369999885559, 0.095994234085
1464815438.668957710266, 11.359999656677, 0.087267547846
1464815438.682154178619, 11.329999923706, 0.095994234085
1464815438.695837974548, 11.309999465942, 0.087267547846
1464815438.708913326263, 11.279999732971, 0.095994234085
1464815438.721871137619, 11.269999504089, 0.087267547846
1464815438.735857725143, 11.250000000000, 0.095994234085
1464815438.748851537704, 11.229999542236, 0.087267547846
1464815438.763067722321, 11.199999809265, 0.095994234085
1464815438.774806976318, 11.189999580383, 0.087267547846
1464815438.788891077042, 11.170000076294, 0.095994234085
1464815438.802900314331, 11.149999618530, 0.087267547846
1464815438.815128564835, 11.119999885559, 0.095994234085
1464815438.828995943069, 11.119999885559, 0.087267547846
1464815438.841773509979, 11.079999923706, 0.095994234085
1464815438.856167316437, 11.079999923706, 0.087267547846
1464815438.868815898895, 11.050000190735, 0.095994234085
1464815438.883148431778, 11.050000190735, 0.087267547846
1464815438.899537086487, 11.000000000000, 0.095994234085
1464815438.908942699432, 11.000000000000, 0.087267547846
1464815438.921861171722, 10.969999313354, 0.095994234085
1464815438.938127994537, 10.949999809265, 0.087267547846
1464815438.950124740601, 10.929999351501, 0.095994234085
1464815438.963012218475, 10.929999351501, 0.087267547846
1464815438.976061344147, 10.889999389648, 0.095994234085
1464815438.988066434860, 10.889999389648, 0.087267547846
1464815439.004167795181, 10.849999427795, 0.095994234085
1464815439.015109539032, 10.829999923706, 0.087267547846
1464815439.029622554779, 10.800000190735, 0.095994234085
1464815439.042036771774, 10.809999465942, 0.087267547846
1464815439.056080102921, 10.769999504089, 0.095994234085
1464815439.067835330963, 10.760000228882, 0.087267547846
1464815439.083086013794, 10.739999771118, 0.095994234085
1464815439.095014572144, 10.739999771118, 0.069814257324
1464815439.109086275101, 10.689999580383, 0.095994234085
1464815439.121918916702, 10.699999809265, 0.087267547846
1464815439.136131048203, 10.670000076294, 0.095994234085
1464815439.148995876312, 10.659999847412, 0.087267547846
1464815439.162116289139, 10.630000114441, 0.095994234085
1464815439.175960063934, 10.619999885559, 0.087267547846
1464815439.188931703568, 10.579999923706, 0.095994234085
1464815439.202939748764, 10.590000152588, 0.069814257324
1464815439.215928792953, 10.550000190735, 0.095994234085
1464815439.229268074036, 10.539999961853, 0.087267547846
1464815439.242045879364, 10.510000228882, 0.095994234085
1464815439.258283853531, 10.500000000000, 0.087267547846
1464815439.268871784210, 10.460000038147, 0.095994234085
1464815439.282897710800, 10.439999580383, 0.087267547846
1464815439.297000646591, 10.429999351501, 0.095994234085
1464815439.308947801590, 10.409999847412, 0.087267547846
1464815439.322857379913, 10.380000114441, 0.095994234085
1464815439.336070299149, 10.369999885559, 0.087267547846
1464815439.348787069321, 10.359999656677, 0.078540943563
1464815439.361813068390, 10.340000152588, 0.087267547846
1464815439.375023603439, 10.309999465942, 0.095994234085
1464815439.389994382858, 10.300000190735, 0.087267547846
1464815439.407942056656, 10.260000228882, 0.095994234085
1464815439.416907072067, 10.260000228882, 0.087267547846
1464815439.429921627045, 10.229999542236, 0.095994234085
1464815439.441986322403, 10.219999313354, 0.087267547846
1464815439.457007884979, 10.189999580383, 0.095994234085
1464815439.470014810562, 10.179999351501, 0.087267547846
1464815439.482298374176, 10.139999389648, 0.095994234085
1464815439.495942592621, 10.130000114441, 0.087267547846
1464815439.508872509003, 10.109999656677, 0.095994234085
1464815439.521948575974, 10.079999923706, 0.087267547846
1464815439.535875320435, 10.050000190735, 0.095994234085
1464815439.549978256226, 10.050000190735, 0.087267547846
1464815439.562431335449, 10.010000228882, 0.095994234085
1464815439.575978040695, 10.010000228882, 0.087267547846
1464815439.589017629623, 9.979999542236, 0.095994234085
1464815439.601981878281, 9.969999313354, 0.087267547846
1464815439.615913867950, 9.939999580383, 0.078540943563
1464815439.629143953323, 9.929999351501, 0.087267547846
1464815439.641991853714, 9.899999618530, 0.095994234085
1464815439.656149864197, 9.889999389648, 0.087267547846
1464815439.669044494629, 9.859999656677, 0.095994234085
1464815439.683043479919, 9.840000152588, 0.087267547846
1464815439.697040081024, 9.800000190735, 0.095994234085
1464815439.708970069885, 9.800000190735, 0.087267547846
1464815439.723144531250, 9.769999504089, 0.095994234085
1464815439.735955953598, 9.760000228882, 0.087267547846
1464815439.749056816101, 9.729999542236, 0.095994234085
1464815439.762101888657, 9.719999313354, 0.087267547846
1464815439.775187015533, 9.689999580383, 0.095994234085
1464815439.789067506790, 9.679999351501, 0.087267547846
1464815439.801955223083, 9.649999618530, 0.095994234085
1464815439.816088199615, 9.630000114441, 0.087267547846
1464815439.829055309296, 9.599999427795, 0.095994234085
1464815439.842983961105, 9.590000152588, 0.087267547846
1464815439.855901718140, 9.550000190735, 0.095994234085
1464815439.868807315826, 9.539999961853, 0.087267547846
1464815439.882520437241, 9.510000228882, 0.095994234085
1464815439.895930528641, 9.500000000000, 0.087267547846
1464815439.908777475357, 9.479999542236, 0.078540943563
1464815439.921920776367, 9.460000038147, 0.087267547846
1464815439.936142921448, 9.429999351501, 0.095994234085
1464815439.949396848679, 9.409999847412, 0.087267547846
1464815439.961873769760, 9.399999618530, 0.078540943563
1464815439.976985454559, 9.369999885559, 0.087267547846
1464815439.989109992981, 9.340000152588, 0.095994234085
1464815440.003107309341, 9.329999923706, 0.087267547846
1464815440.017041206360, 9.309999465942, 0.095994234085
1464815440.030004978180, 9.289999961853, 0.087267547846
1464815440.041960716248, 9.260000228882, 0.095994234085
1464815440.057426929474, 9.239999771118, 0.087267547846
1464815440.069044351578, 9.210000038147, 0.095994234085
1464815440.083863735199, 9.199999809265, 0.087267547846
1464815440.095874309540, 9.159999847412, 0.095994234085
1464815440.108995914459, 9.149999618530, 0.087267547846
1464815440.122137546539, 9.119999885559, 0.095994234085
1464815440.136090040207, 9.109999656677, 0.087267547846
1464815440.149081707001, 9.079999923706, 0.095994234085
1464815440.162025690079, 9.069999694824, 0.087267547846
1464815440.176015377045, 9.039999961853, 0.095994234085
1464815440.188824415207, 9.019999504089, 0.087267547846
1464815440.204709768295, 8.989999771118, 0.095994234085
1464815440.216097593307, 8.970000267029, 0.087267547846
1464815440.230054378510, 8.949999809265, 0.095994234085
1464815440.243095159531, 8.929999351501, 0.087267547846
1464815440.255819320679, 8.889999389648, 0.095994234085
1464815440.269066810608, 8.889999389648, 0.087267547846
1464815440.284315347672, 8.859999656677, 0.095994234085
1464815440.296075344086, 8.840000152588, 0.087267547846
1464815440.310101032257, 8.809999465942, 0.095994234085
1464815440.323278665543, 8.789999961853, 0.087267547846
1464815440.336076974869, 8.769999504089, 0.095994234085
1464815440.350898742676, 8.750000000000, 0.087267547846
1464815440.362931966782, 8.720000267029, 0.095994234085
1464815440.376130104065, 8.710000038147, 0.087267547846
1464815440.390063762665, 8.679999351501, 0.095994234085
1464815440.403237104416, 8.659999847412, 0.087267547846
1464815440.415973424911, 8.630000114441, 0.095994234085
1464815440.430107116699, 8.619999885559, 0.087267547846
1464815440.442973136902, 8.579999923706, 0.095994234085
1464815440.455652952194, 8.559999465942, 0.087267547846
1464815440.468612432480, 8.539999961853, 0.095994234085
1464815440.483749151230, 8.519999504089, 0.087267547846
1464815440.495682716370, 8.500000000000, 0.095994234085
1464815440.509750127792, 8.489999771118, 0.087267547846
1464815440.522663116455, 8.460000038147, 0.095994234085
1464815440.538698434830, 8.439999580383, 0.087267547846
1464815440.548977136612, 8.420000076294, 0.095994234085
1464815440.563572406769, 8.399999618530, 0.087267547846
1464815440.575216770172, 8.369999885559, 0.095994234085
1464815440.588941097260, 8.349999427795, 0.087267547846
1464815440.602986812592, 8.319999694824, 0.095994234085
1464815440.614966630936, 8.309999465942, 0.087267547846
1464815440.629553318024, 8.269999504089, 0.095994234085
1464815440.643183469772, 8.260000228882, 0.087267547846
1464815440.656223773956, 8.239999771118, 0.078540943563
1464815440.670193672180, 8.220000267029, 0.087267547846
1464815440.682451248169, 8.189999580383, 0.095994234085
1464815440.696157693863, 8.179999351501, 0.069814257324
1464815440.708211660385, 8.139999389648, 0.095994234085
1464815440.723072052002, 8.130000114441, 0.087267547846
1464815440.735339403152, 8.099999427795, 0.095994234085
1464815440.750415325165, 8.069999694824, 0.087267547846
1464815440.762367486954, 8.059999465942, 0.078540943563
1464815440.776010274887, 8.029999732971, 0.087267547846
1464815440.790258407593, 8.010000228882, 0.095994234085
1464815440.803121328354, 7.989999771118, 0.087267547846
1464815440.815134048462, 7.969999790192, 0.095994234085
1464815440.828956365585, 7.949999809265, 0.087267547846
1464815440.843108654022, 7.909999847412, 0.095994234085
1464815440.855537176132, 7.899999618530, 0.087267547846
1464815440.870069742203, 7.879999637604, 0.078540943563
1464815440.883096933365, 7.859999656677, 0.087267547846
1464815440.895206689835, 7.829999923706, 0.095994234085
1464815440.910021305084, 7.809999942780, 0.087267547846
1464815440.922035455704, 7.789999961853, 0.078540943563
1464815440.936118125916, 7.769999980927, 0.087267547846
1464815440.950147867203, 7.730000019073, 0.095994234085
1464815440.964127302170, 7.719999790192, 0.087267547846
1464815440.976098299026, 7.690000057220, 0.095994234085
1464815440.990185499191, 7.669999599457, 0.087267547846
1464815441.002150058746, 7.649999618530, 0.078540943563
1464815441.017110347748, 7.629999637604, 0.087267547846
1464815441.030020952225, 7.589999675751, 0.095994234085
1464815441.044237136841, 7.589999675751, 0.087267547846
1464815441.056364774704, 7.559999942780, 0.078540943563
1464815441.069116592407, 7.529999732971, 0.087267547846
1464815441.084248304367, 7.509999752045, 0.095994234085
1464815441.096056699753, 7.500000000000, 0.087267547846
1464815441.109066724777, 7.460000038147, 0.095994234085
1464815441.123060464859, 7.440000057220, 0.087267547846
1464815441.136168003082, 7.419999599457, 0.095994234085
1464815441.148999452591, 7.399999618530, 0.087267547846
1464815441.162186622620, 7.369999885559, 0.095994234085
1464815441.177057504654, 7.349999904633, 0.087267547846
1464815441.193901777267, 7.329999923706, 0.095994234085
1464815441.202879905701, 7.309999942780, 0.087267547846
1464815441.215929269791, 7.279999732971, 0.095994234085
1464815441.229233026505, 7.269999980927, 0.087267547846
1464815441.241868972778, 7.230000019073, 0.095994234085
1464815441.256075859070, 7.219999790192, 0.087267547846
1464815441.269926309586, 7.190000057220, 0.095994234085
1464815441.282100677490, 7.170000076294, 0.087267547846
1464815441.299583911896, 7.149999618530, 0.078540943563
1464815441.312034606934, 7.129999637604, 0.087267547846
1464815441.321974515915, 7.099999904633, 0.095994234085
1464815441.336228132248, 7.079999923706, 0.087267547846
1464815441.349356889725, 7.059999942780, 0.095994234085
1464815441.363292932510, 7.039999961853, 0.087267547846
1464815441.375281810760, 7.009999752045, 0.095994234085
1464815441.389281511307, 6.989999771118, 0.087267547846
1464815441.402355194092, 6.969999790192, 0.078540943563
1464815441.415270090103, 6.949999809265, 0.087267547846
1464815441.429236173630, 6.920000076294, 0.095994234085
1464815441.442415237427, 6.899999618530, 0.087267547846
1464815441.456301212311, 6.879999637604, 0.095994234085
1464815441.469444990158, 6.869999885559, 0.087267547846
1464815441.482411623001, 6.839999675751, 0.095994234085
1464815441.496247529984, 6.809999942780, 0.087267547846
1464815441.509787797928, 6.799999713898, 0.095994234085
1464815441.524929046631, 6.769999980927, 0.087267547846
1464815441.537224531174, 6.739999771118, 0.095994234085
1464815441.549275398254, 6.739999771118, 0.069814257324
1464815441.562296390533, 6.699999809265, 0.095994234085
1464815441.578287601471, 6.690000057220, 0.087267547846
1464815441.589418649673, 6.670000076294, 0.095994234085
1464815441.602263212204, 6.649999618530, 0.087267547846
1464815441.616357326508, 6.629999637604, 0.095994234085
1464815441.631139039993, 6.599999904633, 0.087267547846
1464815441.642249584198, 6.579999923706, 0.095994234085
1464815441.655232429504, 6.559999942780, 0.087267547846
1464815441.669292449951, 6.539999961853, 0.095994234085
1464815441.683792591095, 6.529999732971, 0.087267547846
1464815441.695789813995, 6.489999771118, 0.095994234085
1464815441.710746049881, 6.480000019073, 0.087267547846
1464815441.723706483841, 6.449999809265, 0.095994234085
1464815441.736583471298, 6.440000057220, 0.087267547846
1464815441.749659538269, 6.420000076294, 0.095994234085
1464815441.762574911118, 6.399999618530, 0.087267547846
1464815441.775688171387, 6.379999637604, 0.078540943563
1464815441.792300701141, 6.349999904633, 0.087267547846
1464815441.803833961487, 6.329999923706, 0.095994234085
1464815441.815953016281, 6.309999942780, 0.087267547846
1464815441.831106185913, 6.279999732971, 0.095994234085
1464815441.842975616455, 6.259999752045, 0.087267547846
1464815441.855376243591, 6.239999771118, 0.095994234085
1464815441.869960308075, 6.230000019073, 0.087267547846
1464815441.883117675781, 6.199999809265, 0.095994234085
1464815441.896236181259, 6.179999828339, 0.087267547846
1464815441.910952568054, 6.159999847412, 0.095994234085
1464815441.922992467880, 6.159999847412, 0.087267547846
1464815441.934910774231, 6.119999885559, 0.095994234085
1464815441.949959993362, 6.109999656677, 0.087267547846
1464815441.961903810501, 6.079999923706, 0.095994234085
1464815441.975955247879, 6.079999923706, 0.069814257324
1464815441.988939285278, 6.049999713898, 0.095994234085
1464815442.001946687698, 6.039999961853, 0.087267547846
1464815442.016079664230, 6.009999752045, 0.095994234085
1464815442.029279232025, 5.989999771118, 0.087267547846
1464815442.043493032455, 5.980000019073, 0.078540943563
1464815442.058310508728, 5.960000038147, 0.087267547846
1464815442.069957494736, 5.929999828339, 0.095994234085
1464815442.083041429520, 5.909999847412, 0.087267547846
1464815442.097084283829, 5.889999866486, 0.095994234085
1464815442.109008789062, 5.869999885559, 0.087267547846
1464815442.123068809509, 5.839999675751, 0.095994234085
1464815442.137027740479, 5.839999675751, 0.087267547846
1464815442.149122238159, 5.809999942780, 0.095994234085
1464815442.163074970245, 5.799999713898, 0.087267547846
1464815442.178057193756, 5.779999732971, 0.095994234085
1464815442.188974618912, 5.769999980927, 0.087267547846
1464815442.202084779739, 5.739999771118, 0.095994234085
1464815442.215937852859, 5.730000019073, 0.087267547846
1464815442.231076955795, 5.710000038147, 0.078540943563
1464815442.243029117584, 5.690000057220, 0.087267547846
1464815442.256139755249, 5.659999847412, 0.095994234085
1464815442.270002365112, 5.650000095367, 0.087267547846
1464815442.282501935959, 5.629999637604, 0.095994234085
1464815442.297088384628, 5.619999885559, 0.087267547846
1464815442.310057640076, 5.589999675751, 0.095994234085
1464815442.323140859604, 5.579999923706, 0.087267547846
1464815442.337033271790, 5.569999694824, 0.095994234085
1464815442.348998069763, 5.549999713898, 0.087267547846
1464815442.363071918488, 5.529999732971, 0.078540943563
1464815442.377175807953, 5.509999752045, 0.087267547846
1464815442.390007734299, 5.489999771118, 0.095994234085
1464815442.403094768524, 5.480000019073, 0.069814257324
1464815442.416049957275, 5.460000038147, 0.095994234085
1464815442.430006504059, 5.440000057220, 0.087267547846
1464815442.443179845810, 5.429999828339, 0.095994234085
1464815442.457218408585, 5.409999847412, 0.069814257324
1464815442.472078561783, 5.389999866486, 0.078540943563
1464815442.484084367752, 5.359999656677, 0.087267547846
1464815442.497202157974, 5.339999675751, 0.095994234085
1464815442.509930610657, 5.339999675751, 0.087267547846
1464815442.524044036865, 5.319999694824, 0.095994234085
1464815442.536944150925, 5.299999713898, 0.087267547846
1464815442.549885034561, 5.289999961853, 0.078540943563
1464815442.566162586212, 5.279999732971, 0.087267547846
1464815442.577057838440, 5.259999752045, 0.095994234085
1464815442.588921546936, 5.239999771118, 0.087267547846
1464815442.604136705399, 5.219999790192, 0.095994234085
1464815442.616353034973, 5.210000038147, 0.087267547846
1464815442.631815433502, 5.190000057220, 0.095994234085
1464815442.643981456757, 5.190000057220, 0.069814257324
1464815442.655946254730, 5.170000076294, 0.095994234085
1464815442.670083522797, 5.159999847412, 0.087267547846
1464815442.682967424393, 5.139999866486, 0.078540943563
1464815442.695969581604, 5.130000114441, 0.087267547846
1464815442.709958314896, 5.109999656677, 0.078540943563
1464815442.722988128662, 5.089999675751, 0.087267547846
1464815442.736011028290, 5.059999942780, 0.095994234085
1464815442.750175237656, 5.049999713898, 0.069814257324
1464815442.764167547226, 5.039999961853, 0.078540943563
1464815442.777115106583, 5.019999980927, 0.087267547846
1464815442.791572809219, 5.000000000000, 0.095994234085
1464815442.802999258041, 4.989999771118, 0.087267547846
1464815442.816928148270, 4.969999790192, 0.095994234085
1464815442.830225467682, 4.960000038147, 0.069814257324
1464815442.844091653824, 4.929999828339, 0.095994234085
1464815442.859639167786, 4.929999828339, 0.052360966802
1464815442.871422767639, 4.909999847412, 0.078540943563
1464815442.883398771286, 4.889999866486, 0.087267547846
1464815442.896408081055, 4.880000114441, 0.061087653041
1464815442.910475969315, 4.859999656677, 0.087267547846
1464815442.924267292023, 4.839999675751, 0.095994234085
1464815442.936188936234, 4.829999923706, 0.069814257324
1464815442.950342893600, 4.809999942780, 0.078540943563
1464815442.965201854706, 4.799999713898, 0.087267547846
1464815442.977471351624, 4.789999961853, 0.095994234085
1464815442.991219043732, 4.769999980927, 0.087267547846
1464815443.003397703171, 4.759999752045, 0.095994234085
1464815443.015645503998, 4.739999771118, 0.087267547846
1464815443.031557321548, 4.719999790192, 0.095994234085
1464815443.043437004089, 4.719999790192, 0.069814257324
1464815443.058707952499, 4.699999809265, 0.095994234085
1464815443.070637464523, 4.679999828339, 0.087267547846
1464815443.084580659866, 4.659999847412, 0.095994234085
1464815443.097458600998, 4.659999847412, 0.069814257324
1464815443.111086368561, 4.630000114441, 0.095994234085
1464815443.122542142868, 4.619999885559, 0.087267547846
1464815443.136458396912, 4.610000133514, 0.078540943563
1464815443.150497198105, 4.599999904633, 0.087267547846
1464815443.164398670197, 4.579999923706, 0.078540943563
1464815443.177567481995, 4.569999694824, 0.087267547846
1464815443.190391063690, 4.549999713898, 0.061087653041
1464815443.203415632248, 4.529999732971, 0.087267547846
1464815443.217476367950, 4.509999752045, 0.095994234085
1464815443.230382204056, 4.500000000000, 0.087267547846
1464815443.243382692337, 4.480000019073, 0.095994234085
1464815443.261028528214, 4.469999790192, 0.087267547846
1464815443.269897460938, 4.449999809265, 0.095994234085
1464815443.285259962082, 4.429999828339, 0.087267547846
1464815443.298113822937, 4.429999828339, 0.061087653041
1464815443.311771154404, 4.409999847412, 0.069814257324
1464815443.323668003082, 4.389999866486, 0.095994234085
1464815443.337893486023, 4.369999885559, 0.087267547846
1464815443.349732160568, 4.360000133514, 0.078540943563
1464815443.362867355347, 4.349999904633, 0.069814257324
1464815443.376767635345, 4.329999923706, 0.095994234085
1464815443.390762805939, 4.309999942780, 0.087267547846
1464815443.404992818832, 4.289999961853, 0.078540943563
1464815443.417792558670, 4.279999732971, 0.087267547846
1464815443.431113719940, 4.279999732971, 0.061087653041
1464815443.443684101105, 4.259999752045, 0.087267547846
1464815443.460796594620, 4.239999771118, 0.061087653041
1464815443.471876859665, 4.230000019073, 0.087267547846
1464815443.484997987747, 4.210000038147, 0.095994234085
1464815443.498073101044, 4.199999809265, 0.052360966802
1464815443.510125875473, 4.179999828339, 0.061087653041
1464815443.525813579559, 4.170000076294, 0.052360966802
1464815443.536924123764, 4.150000095367, 0.095994234085
1464815443.549914598465, 4.139999866486, 0.069814257324
1464815443.564036130905, 4.110000133514, 0.095994234085
1464815443.578355550766, 4.099999904633, 0.087267547846
1464815443.590603113174, 4.099999904633, 0.061087653041
1464815443.605140447617, 4.079999923706, 0.069814257324
1464815443.616948604584, 4.059999942780, 0.095994234085
1464815443.630832672119, 4.049999713898, 0.069814257324
1464815443.643862485886, 4.019999980927, 0.095994234085
1464815443.657873630524, 4.019999980927, 0.069814257324
1464815443.669054985046, 4.000000000000, 0.095994234085
1464815443.685038566589, 3.990000009537, 0.087267547846
1464815443.697080612183, 3.970000028610, 0.095994234085
1464815443.712896108627, 3.959999799728, 0.087267547846
1464815443.724077463150, 3.949999809265, 0.061087653041
1464815443.737221479416, 3.919999837875, 0.087267547846
1464815443.751943588257, 3.899999856949, 0.095994234085
1464815443.764016628265, 3.899999856949, 0.069814257324
1464815443.776890754700, 3.879999876022, 0.095994234085
1464815443.790846109390, 3.859999895096, 0.087267547846
1464815443.803981304169, 3.849999904633, 0.078540943563
1464815443.817677974701, 3.829999923706, 0.087267547846
1464815443.829912900925, 3.819999933243, 0.078540943563
1464815443.843855381012, 3.809999942780, 0.052360966802
1464815443.858772993088, 3.789999961853, 0.095994234085
1464815443.873864173889, 3.740000009537, 0.087267547846
1464815443.885984182358, 3.730000019073, 0.078540943563
1464815443.897659301758, 3.720000028610, 0.069814257324
1464815443.911751985550, 3.689999818802, 0.095994234085
1464815443.923990011215, 3.679999828339, 0.069814257324
1464815443.937699794769, 3.669999837875, 0.043634362519
1464815443.950840950012, 3.639999866486, 0.087267547846
1464815443.963676691055, 3.619999885559, 0.095994234085
1464815443.977841377258, 3.619999885559, 0.069814257324
1464815443.990672349930, 3.609999895096, 0.078540943563
1464815444.003717184067, 3.589999914169, 0.087267547846
1464815444.017748832703, 3.569999933243, 0.095994234085
1464815444.030889511108, 3.569999933243, 0.052360966802
1464815444.043657541275, 3.549999952316, 0.061087653041
1464815444.058824777603, 3.529999971390, 0.087267547846
1464815444.070739984512, 3.500000000000, 0.095994234085
1464815444.083964109421, 3.500000000000, 0.087267547846
1464815444.099023818970, 3.490000009537, 0.078540943563
1464815444.110887050629, 3.480000019073, 0.087267547846
1464815444.124884605408, 3.460000038147, 0.095994234085
1464815444.137878417969, 3.449999809265, 0.069814257324
1464815444.151734828949, 3.429999828339, 0.078540943563
1464815444.163759946823, 3.429999828339, 0.052360966802
1464815444.178839445114, 3.409999847412, 0.095994234085
1464815444.190666675568, 3.399999856949, 0.087267547846
1464815444.203695297241, 3.369999885559, 0.095994234085
1464815444.217983722687, 3.369999885559, 0.069814257324
1464815444.231398582458, 3.339999914169, 0.095994234085
1464815444.245208263397, 3.339999914169, 0.069814257324
1464815444.258479356766, 3.329999923706, 0.078540943563
1464815444.279697656631, 3.319999933243, 0.087267547846
1464815444.283574581146, 3.299999952316, 0.095994234085
1464815444.298657655716, 3.289999961853, 0.087267547846
1464815444.310621976852, 3.279999971390, 0.078540943563
1464815444.325944185257, 3.269999980927, 0.069814257324
1464815444.337859392166, 3.250000000000, 0.078540943563
1464815444.349876642227, 3.250000000000, 0.052360966802
1464815444.364998817444, 3.230000019073, 0.095994234085
1464815444.376902341843, 3.230000019073, 0.069814257324
1464815444.391182661057, 3.210000038147, 0.078540943563
1464815444.405394315720, 3.199999809265, 0.087267547846
1464815444.417469501495, 3.179999828339, 0.095994234085
1464815444.431413888931, 3.179999828339, 0.069814257324
1464815444.444547176361, 3.159999847412, 0.078540943563
1464815444.458435535431, 3.159999847412, 0.052360966802
1464815444.473492860794, 3.139999866486, 0.095994234085
1464815444.485478401184, 3.129999876022, 0.087267547846
1464815444.497396230698, 3.109999895096, 0.095994234085
1464815444.511593818665, 3.099999904633, 0.087267547846
1464815444.525512695312, 3.089999914169, 0.078540943563
1464815444.537434101105, 3.089999914169, 0.052360966802
1464815444.551475763321, 3.069999933243, 0.095994234085
1464815444.564527988434, 3.069999933243, 0.069814257324
1464815444.577960729599, 3.049999952316, 0.095994234085
1464815444.591608762741, 3.039999961853, 0.087267547846
1464815444.604741334915, 3.029999971390, 0.078540943563
1464815444.618641614914, 3.019999980927, 0.069814257324
1464815444.631625652313, 3.009999990463, 0.095994234085
1464815444.647611618042, 3.009999990463, 0.069814257324
1464815444.657632589340, 2.990000009537, 0.078540943563
1464815444.673403978348, 2.980000019073, 0.087267547846
1464815444.685673713684, 2.970000028610, 0.078540943563
1464815444.697661161423, 2.960000038147, 0.069814257324
1464815444.710632562637, 2.960000038147, 0.043634362519
1464815444.725662469864, 2.950000047684, 0.069814257324
1464815444.736743450165, 2.929999828339, 0.095994234085
1464815444.751703023911, 2.939999818802, 0.052360966802
1464815444.764669179916, 2.909999847412, 0.095994234085
1464815444.777531385422, 2.899999856949, 0.087267547846
1464815444.789781332016, 2.899999856949, 0.061087653041
1464815444.808300733566, 2.889999866486, 0.087267547846
1464815444.817270755768, 2.879999876022, 0.095994234085
1464815444.831228733063, 2.879999876022, 0.052360966802
1464815444.845071554184, 2.869999885559, 0.095994234085
1464815444.858401536942, 2.859999895096, 0.069814257324
1464815444.872155904770, 2.849999904633, 0.095994234085
1464815444.884121656418, 2.849999904633, 0.052360966802
1464815444.898229837418, 2.829999923706, 0.095994234085
1464815444.911495923996, 2.829999923706, 0.052360966802
1464815444.924638986588, 2.809999942780, 0.095994234085
1464815444.937587261200, 2.809999942780, 0.069814257324
1464815444.950722217560, 2.799999952316, 0.078540943563
1464815444.964440345764, 2.799999952316, 0.087267547846
1464815444.978041648865, 2.779999971390, 0.095994234085
1464815444.991606712341, 2.779999971390, 0.087267547846
1464815445.004617929459, 2.779999971390, 0.061087653041
1464815445.017560720444, 2.769999980927, 0.069814257324
1464815445.032865762711, 2.759999990463, 0.078540943563
1464815445.044710874557, 2.759999990463, 0.052360966802
1464815445.057822704315, 2.750000000000, 0.095994234085
1464815445.070703744888, 2.750000000000, 0.069814257324
1464815445.084708929062, 2.740000009537, 0.078540943563
1464815445.098721027374, 2.730000019073, 0.087267547846
1464815445.111892461777, 2.720000028610, 0.095994234085
1464815445.123595952988, 2.720000028610, 0.069814257324
1464815445.137701272964, 2.710000038147, 0.078540943563
1464815445.150746107101, 2.710000038147, 0.069814257324
1464815445.164718627930, 2.710000038147, 0.043634362519
1464815445.177203893661, 2.700000047684, 0.069814257324
1464815445.191150665283, 2.700000047684, 0.043634362519
1464815445.205082178116, 2.700000047684, 0.052360966802
1464815445.218082904816, 2.690000057220, 0.078540943563
1464815445.231014251709, 2.690000057220, 0.069814257324
1464815445.244621753693, 2.679999828339, 0.078540943563
1464815445.258617162704, 2.679999828339, 0.069814257324
1464815445.271733522415, 2.669999837875, 0.095994234085
1464815445.284760236740, 2.669999837875, 0.069814257324
1464815445.297653198242, 2.659999847412, 0.095994234085
1464815445.310659170151, 2.659999847412, 0.087267547846
1464815445.324738502502, 2.659999847412, 0.078540943563
1464815445.338641643524, 2.659999847412, 0.052360966802
1464815445.351729631424, 2.649999856949, 0.095994234085
1464815445.363649845123, 2.649999856949, 0.069814257324
1464815445.377770900726, 2.649999856949, 0.061087653041
1464815445.391636610031, 2.649999856949, 0.069814257324
1464815445.404551506042, 2.649999856949, 0.061087653041
1464815445.418621778488, 2.649999856949, 0.052360966802
1464815445.431570291519, 2.639999866486, 0.095994234085
1464815445.444683551788, 2.649999856949, 0.052360966802
1464815445.457789182663, 2.639999866486, 0.095994234085
1464815445.470760107040, 2.639999866486, 0.087267547846
1464815445.484713554382, 2.639999866486, 0.095994234085
1464815445.497797727585, 2.639999866486, 0.069814257324
1464815445.510741233826, 2.629999876022, 0.095994234085
1464815445.525666952133, 2.639999866486, 0.087267547846
1464815445.538865089417, 2.629999876022, 0.095994234085
1464815445.550488710403, 2.629999876022, 0.087267547846
1464815445.565768718719, 2.629999876022, 0.095994234085
1464815445.577954292297, 2.639999866486, 0.069814257324
1464815445.591686010361, 2.639999866486, 0.078540943563
1464815445.605476856232, 2.639999866486, 0.087267547846
1464815445.617566347122, 2.629999876022, 0.078540943563
1464815445.631453752518, 2.639999866486, 0.052360966802
1464815445.644619226456, 2.629999876022, 0.078540943563
1464815445.658575773239, 2.639999866486, 0.069814257324
1464815445.672456741333, 2.629999876022, 0.095994234085
1464815445.685700416565, 2.639999866486, 0.069814257324
1464815445.697678327560, 2.639999866486, 0.061087653041
1464815445.711662292480, 2.629999876022, 0.087267547846
1464815445.724674463272, 2.629999876022, 0.095994234085
1464815445.739674091339, 2.649999856949, 0.017454383895
1464815445.750574350357, 2.639999866486, 0.061087653041
1464815445.765620708466, 2.639999866486, 0.087267547846
1464815445.777816057205, 2.629999876022, 0.095994234085
1464815445.790527105331, 2.649999856949, 0.034907676280
1464815445.804507493973, 2.639999866486, 0.078540943563
1464815445.818484544754, 2.639999866486, 0.087267547846
1464815445.831501483917, 2.639999866486, 0.095994234085
1464815445.844523429871, 2.649999856949, 0.069814257324
1464815445.858089208603, 2.649999856949, 0.061087653041
1464815445.871447324753, 2.649999856949, 0.052360966802
1464815445.885833978653, 2.649999856949, 0.043634362519
1464815445.898629188538, 2.649999856949, 0.052360966802
1464815445.911542892456, 2.639999866486, 0.095994234085
1464815445.924664258957, 2.649999856949, 0.087267547846
1464815445.937849521637, 2.659999847412, 0.026181071997
1464815445.951648950577, 2.659999847412, 0.017454383895
1464815445.965564966202, 2.659999847412, 0.026181071997
1464815445.977526187897, 2.659999847412, 0.034907676280
1464815445.991548061371, 2.649999856949, 0.095994234085
1464815446.004775285721, 2.649999856949, 0.087267547846
1464815446.017557144165, 2.649999856949, 0.078540943563
1464815446.031533718109, 2.649999856949, 0.034907676280
1464815446.044591665268, 2.649999856949, 0.095994234085
1464815446.057584762573, 2.649999856949, 0.087267547846
1464815446.072547912598, 2.649999856949, 0.095994234085
1464815446.084708690643, 2.649999856949, 0.087267547846
1464815446.099576234818, 2.649999856949, 0.095994234085
1464815446.113529205322, 2.649999856949, 0.052360966802
1464815446.124693632126, 2.649999856949, 0.095994234085
1464815446.137540340424, 2.649999856949, 0.069814257324
1464815446.152611494064, 2.649999856949, 0.078540943563
1464815446.164589166641, 2.649999856949, 0.069814257324
1464815446.178591966629, 2.649999856949, 0.061087653041
1464815446.193492412567, 2.639999866486, 0.087267547846
1464815446.204707384109, 2.649999856949, 0.061087653041
1464815446.219539165497, 2.649999856949, 0.069814257324
1464815446.232580661774, 2.649999856949, 0.061087653041
1464815446.244570255280, 2.649999856949, 0.069814257324
1464815446.257575273514, 2.639999866486, 0.095994234085
1464815446.271486282349, 2.649999856949, 0.069814257324
1464815446.284577846527, 2.649999856949, 0.061087653041
1464815446.298539638519, 2.649999856949, 0.052360966802
1464815446.312646389008, 2.649999856949, 0.061087653041
1464815446.324604511261, 2.649999856949, 0.052360966802
1464815446.337583780289, 2.649999856949, 0.061087653041
1464815446.351580619812, 2.649999856949, 0.069814257324
1464815446.364760875702, 2.639999866486, 0.061087653041
1464815446.378875255585, 2.649999856949, 0.069814257324
1464815446.394615173340, 2.649999856949, 0.043634362519
1464815446.405322074890, 2.649999856949, 0.052360966802
1464815446.418631076813, 2.649999856949, 0.061087653041
1464815446.431752920151, 2.649999856949, 0.052360966802
1464815446.444948196411, 2.649999856949, 0.061087653041
1464815446.459774971008, 2.649999856949, 0.052360966802
1464815446.472711324692, 2.649999856949, 0.061087653041
1464815446.485217571259, 2.649999856949, 0.052360966802
1464815446.498591423035, 2.649999856949, 0.061087653041
1464815446.510590553284, 2.649999856949, 0.052360966802
1464815446.524711608887, 2.649999856949, 0.061087653041
1464815446.538550615311, 2.649999856949, 0.069814257324
1464815446.551593303680, 2.649999856949, 0.061087653041
1464815446.564544439316, 2.649999856949, 0.069814257324
1464815446.578737497330, 2.649999856949, 0.061087653041
1464815446.592547178268, 2.649999856949, 0.052360966802
1464815446.604587793350, 2.649999856949, 0.061087653041
1464815446.619815826416, 2.649999856949, 0.069814257324
1464815446.631859302521, 2.649999856949, 0.061087653041
1464815446.645955562592, 2.649999856949, 0.052360966802
1464815446.658599615097, 2.649999856949, 0.061087653041
1464815446.671728849411, 2.649999856949, 0.087267547846
1464815446.686908006668, 2.649999856949, 0.095994234085
1464815446.698628425598, 2.649999856949, 0.087267547846
1464815446.710574150085, 2.649999856949, 0.095994234085
1464815446.725766658783, 2.649999856949, 0.087267547846
1464815446.738647460938, 2.649999856949, 0.095994234085
1464815446.751925945282, 2.649999856949, 0.087267547846
1464815446.765537977219, 2.649999856949, 0.095994234085
1464815446.777889013290, 2.659999847412, 0.034907676280
1464815446.790567636490, 2.649999856949, 0.095994234085
1464815446.804892539978, 2.649999856949, 0.052360966802
1464815446.817660570145, 2.649999856949, 0.095994234085
1464815446.830630064011, 2.649999856949, 0.087267547846
1464815446.845661878586, 2.649999856949, 0.095994234085
1464815446.857595920563, 2.649999856949, 0.087267547846
1464815446.873642683029, 2.649999856949, 0.095994234085
1464815446.885800838470, 2.649999856949, 0.087267547846
1464815446.898679971695, 2.659999847412, 0.008727779612
1464815446.911653995514, 2.649999856949, 0.087267547846
1464815446.924514293671, 2.649999856949, 0.095994234085
1464815446.938683032990, 2.649999856949, 0.087267547846
1464815446.950818777084, 2.649999856949, 0.095994234085
1464815446.965658903122, 2.649999856949, 0.034907676280
1464815446.978286504745, 2.649999856949, 0.095994234085
1464815446.992573738098, 2.659999847412, 0.034907676280
1464815447.004901647568, 2.649999856949, 0.095994234085
1464815447.017741441727, 2.649999856949, 0.087267547846
1464815447.031695604324, 2.649999856949, 0.078540943563
1464815447.045107603073, 2.649999856949, 0.087267547846
