Wheelbase: 2.6
InitialPose: 0,0,0,0
Dt: 0.100
6.500, 0.000
6.500, 0.000
6.500, 0.000
6.500, 0.000
6.500, 0.000
6.500, 0.000
6.500, 0.000
6.500, 0.000
6.500, 0.000
6.500, 0.000
6.500, 0.000
6.500, 0.000
6.500, 0.000
6.500, 0.000
6.500, 0.000
6.500, 0.000
6.500, 0.000
6.500, 0.000
6.500, 0.000
6.500, 0.000
6.500, 0.000
6.500, 0.000
6.500, 0.000
6.500, 0.000
6.500, 0.000
6.500, 0.000
6.500, 0.000
6.500, 0.000
6.500, 0.000
6.500, 0.000
6.500, 0.000
6.500, 0.000
6.500, 0.000
6.500, 0.000
6.500, 0.000
6.500, 0.000
6.500, 0.000
6.500, 0.000
6.500, 0.000
6.500, 0.000
6.500, 0.000
6.500, 0.000
6.500, 0.000
6.500, 0.000
6.500, 0.000
6.500, 0.000
6.500, 0.000
6.500, 0.000
6.500, 0.000
6.500, 0.000
6.500, 0.000
6.500, 0.000
6.500, 0.000
6.500, 0.000
6.500, 0.000
6.500, 0.000
6.500, 0.000
6.500, 0.000
6.500, 0.000
6.500, 0.000
6.500, 0.000
6.500, 0.000
6.500, 0.000
6.500, 0.000
6.500, 0.000
6.500, 0.000
6.500, 0.000
6.500, 0.000
6.500, 0.000
6.500, 0.000
6.500, 0.000
6.500, 0.000
6.500, 0.000
6.500, 0.000
6.500, 0.000
6.500, 0.000
6.500, 0.000
6.500, 0.000
6.500, 0.000
6.500, 0.000
6.500, 0.000
6.500, 0.000
6.500, 0.000
6.500, 0.000
6.500, 0.000
6.500, 0.000
6.500, 0.000
6.500, 0.000
6.500, 0.000
6.500, 0.000
6.500, 0.000
6.500, 0.000
6.500, 0.000
6.500, 0.000
6.500, 0.000
6.500, 0.000
6.500, 0.000
6.500, 0.000
6.500, 0.000
6.500, 0.000
