Wheelbase: 2.6
InitialPose: 0,0,0,0
Dt: 0.100
0.000, 0.000
0.000, 0.000
0.000, 0.000
0.000, 0.000
0.000, 0.000
0.000, 0.000
0.000, 0.000
0.000, 0.000
0.000, 0.000
0.000, 0.000
0.000, 0.000
0.000, 0.000
0.000, 0.000
0.000, 0.000
0.000, 0.000
0.000, 0.000
0.000, 0.000
0.000, 0.000
0.000, 0.000
0.000, 0.000
0.000, 0.000
0.000, 0.000
0.000, 0.000
0.000, 0.000
0.000, 0.000
0.000, 0.000
0.000, 0.000
0.000, 0.000
0.000, 0.000
0.000, 0.000
0.000, 0.000
0.000, 0.000
0.000, 0.000
0.000, 0.000
0.000, 0.000
0.000, 0.000
0.000, 0.000
0.000, 0.000
0.497, 0.000
1.202, 0.000
1.365, 0.000
1.745, 0.000
1.745, 0.000
1.745, 0.000
1.745, 0.000
1.745, 0.000
1.745, 0.000
1.745, 0.000
1.745, 0.000
1.745, 0.000
1.745, 0.000
1.745, 0.000
1.745, 0.000
1.745, 0.000
1.745, 0.000
1.745, 0.000
1.799, 0.000
1.799, 0.000
2.070, 0.000
2.287, 0.000
2.287, 0.000
2.287, 0.000
2.450, 0.000
2.504, 0.000
2.233, 0.000
2.124, 0.000
2.124, 0.000
1.962, 0.000
1.962, 0.000
1.962, 0.000
1.962, 0.737
1.962, 0.163
1.962, 0.461
1.962, 0.298
1.962, 0.000
1.962, 0.000
1.962, 0.000
1.962, 0.000
1.962, 0.000
1.962, 0.000
1.962, 0.000
1.962, 0.027
1.962, 0.000
1.799, 0.000
0.876, 0.000
0.876, 0.000
0.876, 0.000
0.768, 0.081
0.768, 0.298
1.473, 0.081
1.907, 0.081
2.070, 0.217
2.233, 0.054
2.342, 0.000
2.342, 0.000
2.342, 0.000
2.342, 0.000
2.342, 0.000
1.907, 0.000
1.636, 0.000
1.636, 0.000
1.907, 0.000
2.287, 0.000
2.342, 0.000
2.450, 0.000
2.613, 0.000
2.667, 0.000
2.776, 0.000
2.938, 0.000
2.938, 0.000
2.938, 0.000
2.993, 0.000
2.993, 0.000
2.993, 0.000
2.993, 0.000
2.993, 0.000
2.993, -0.108
2.287, -1.601
1.907, -0.791
1.582, 0.000
1.365, 0.000
1.256, 0.000
1.256, 0.000
1.202, -0.085
0.876, -0.353
0.876, -0.244
0.388, -0.163
0.000, 0.000
0.000, 0.000
0.000, -0.217
0.000, -0.380
0.000, -0.109
0.062, -0.109
1.256, 0.000
1.473, 0.000
1.582, 0.000
1.962, -0.109
2.070, 0.000
2.070, -0.136
2.070, -0.163
2.070, -0.136
2.070, -0.081
2.070, -0.081
2.070, -0.109
2.070, -0.027
2.070, 0.000
2.070, 0.000
2.124, 0.000
2.233, 0.000
2.504, 0.000
2.830, 0.000
2.830, 0.000
2.830, 0.000
3.101, 0.000
3.101, 0.000
3.155, 0.000
3.210, 0.000
3.210, 0.000
3.210, 0.000
3.210, 0.000
3.210, 0.000
3.210, 0.000
3.210, 0.000
3.210, 0.000
3.210, 0.000
3.210, 0.000
3.210, 0.000
3.210, 0.000
3.210, 0.000
3.210, 0.000
3.210, 0.000
3.210, 0.000
3.210, 0.000
3.644, 0.000
3.644, 0.000
3.644, 0.000
3.698, 0.000
3.698, 0.000
3.698, 0.000
3.698, 0.000
3.698, 0.000
3.698, 0.000
3.698, 0.000
3.698, 0.000
3.698, 0.000
3.698, 0.000
3.698, 0.000
3.698, 0.000
3.698, 0.000
3.698, 0.353
3.698, 0.705
3.698, 0.678
3.698, 0.624
3.807, 0.140
3.807, 0.000
3.644, 0.000
3.155, 0.000
2.667, 0.000
2.342, 0.000
2.342, 0.000
2.287, 0.000
2.233, 0.000
1.962, 0.000
1.962, 0.000
1.962, 0.000
1.907, 0.000
1.636, 0.000
1.419, 0.000
1.365, 0.000
1.256, 0.000
1.256, 0.000
1.256, 0.000
1.256, 0.000
1.256, 0.000
1.256, 0.000
1.202, 0.275
1.202, 0.298
1.365, 0.000
1.365, 0.380
1.365, 0.570
1.419, 0.163
1.636, 0.163
1.636, 0.081
1.745, 0.190
1.745, 0.244
1.745, 0.109
1.745, 0.027
1.745, 0.000
1.745, 0.000
1.745, 0.000
1.799, 0.000
1.962, 0.000
2.124, 0.000
2.342, 0.000
2.342, 0.000
2.450, 0.000
2.450, 0.000
2.450, 0.000
2.450, 0.000
2.450, 0.000
2.504, 0.000
2.938, 0.000
3.861, 0.000
4.892, 0.000
5.000, 0.000
5.000, 0.000
5.000, 0.000
5.000, 0.000
5.000, 0.000
5.000, 0.000
5.000, 0.000
5.000, 0.000
5.000, 0.000
5.000, 0.000
5.000, 0.000
5.000, -1.221
4.729, -1.085
4.566, -0.194
4.403, 0.000
4.349, 0.000
4.078, 0.000
3.861, -0.303
3.807, -0.543
3.698, -0.353
3.644, -0.461
3.481, -0.407
3.481, -0.136
3.210, -0.081
3.210, -0.027
3.210, -0.054
3.155, -0.027
2.938, -0.081
2.830, -0.027
2.613, 0.000
2.450, 0.000
2.287, 0.000
1.582, 0.000
1.093, 0.000
0.876, 0.000
0.551, 0.000
0.334, 0.000
0.000, 0.000
0.000, 0.000
0.000, 0.000
0.876, 0.000
2.938, 0.000
3.372, 1.139
3.644, 1.361
3.969, 0.000
4.024, 0.000
4.403, 0.000
4.783, 0.330
4.946, 0.624
5.000, 0.326
5.000, 0.380
5.000, 0.271
5.000, 0.217
5.000, 0.298
5.000, 0.054
5.000, 0.000
5.000, 0.000
4.946, 0.000
4.783, 0.000
4.403, 0.000
4.186, 0.000
4.078, 0.000
4.024, 0.000
3.807, 0.000
3.372, 0.000
2.667, 0.000
2.070, 0.000
1.419, 0.000
0.931, -0.027
0.605, 0.027
0.551, 0.000
0.497, 0.000
0.334, 0.000
0.714, 0.000
2.287, 0.000
3.372, 0.000
3.861, 0.000
4.783, 0.000
5.000, 0.000
5.000, -1.004
5.000, -1.496
5.000, 0.000
5.000, 0.000
5.000, -0.140
5.000, -0.624
5.000, -0.326
4.512, -0.217
3.698, -0.217
3.155, 0.895
2.613, 0.628
2.070, 0.000
1.582, 0.574
0.768, 1.031
0.000, 0.760
0.000, 0.136
0.000, -1.302
0.000, -1.198
1.745, -0.899
3.372, -1.085
3.861, -0.515
4.783, 0.000
5.000, 0.000
5.000, 0.000
5.000, 0.000
5.000, 0.000
5.000, 0.000
5.000, 0.000
5.000, 0.000
5.000, 0.000
5.000, 0.000
5.000, 0.000
5.000, 0.000
4.024, 0.000
2.993, 0.000
1.962, 0.000
1.419, 0.000
1.039, 0.217
2.233, 1.221
3.807, 1.058
5.000, -0.624
5.000, -1.438
5.000, -0.434
5.000, 0.000
4.186, 0.515
0.225, 1.682
0.000, 0.303
0.000, 0.000
0.000, 0.000
0.000, 0.000
0.000, -0.221
0.605, -1.139
1.799, -0.461
3.101, -0.326
3.535, -0.136
3.969, -0.190
4.946, -0.027
5.000, 0.000
5.000, 0.000
5.000, 0.000
5.000, 0.000
5.000, 0.000
5.000, 0.000
5.000, 0.000
5.000, 0.000
5.000, 0.000
5.000, 0.000
5.000, 0.000
5.000, 0.000
5.000, 0.000
5.000, 0.000
5.000, 0.000
5.000, 0.000
5.000, 0.000
5.000, 0.000
5.000, 0.000
5.000, 0.000
5.000, 0.000
5.000, 0.000
5.000, 0.000
5.000, 0.000
5.000, 0.000
5.000, 0.000
5.000, 0.000
5.000, 0.000
5.000, 0.000
5.000, 0.000
5.000, 0.000
5.000, 0.000
5.000, 0.000
5.000, 0.000
5.000, 0.000
5.000, 0.000
5.000, 0.000
5.000, 0.000
5.000, 0.000
5.000, 0.000
5.000, 0.000
5.000, 0.000
5.000, 0.000
5.000, 0.000
5.000, 0.000
5.000, 0.000
5.000, 0.000
5.000, 0.000
5.000, 0.000
5.000, 0.000
5.000, 0.000
5.000, 0.000
5.000, 0.000
5.000, 0.000
5.000, 0.000
5.000, 0.000
4.892, 0.841
2.450, 1.492
0.000, 0.167
-0.388, 0.000
-0.171, 0.000
0.000, 0.000
0.000, 0.000
0.000, 0.000
0.171, -0.926
1.256, -1.519
2.342, -0.054
3.861, 0.000
4.783, 0.000
5.000, 0.000
5.000, 0.000
5.000, 0.000
5.000, 0.000
5.000, 0.000
5.000, 0.000
5.000, 0.000
5.000, 0.000
5.000, 0.000
5.000, 0.000
5.000, 0.000
5.000, 0.000
5.000, 1.058
5.000, 1.442
4.078, 0.000
1.907, -0.004
0.000, -0.136
0.000, 0.140
0.000, 0.000
0.000, 0.000
0.000, 0.000
0.388, -2.391
1.365, -0.109
1.907, 0.000
2.613, 0.000
3.210, 0.000
3.535, 0.000
3.861, 0.000
3.861, 0.000
3.861, 0.000
3.861, 0.000
3.861, 0.000
3.861, 0.000
3.861, 0.000
3.861, 0.000
3.861, 0.000
3.861, 0.000
3.861, 0.000
3.861, 0.000
3.861, 0.000
3.861, 0.000
3.861, 0.000
3.861, 0.000
3.861, 0.000
3.861, 0.000
3.861, 0.000
3.861, 0.000
3.861, 0.000
3.861, 0.000
3.861, 0.000
3.861, 0.000
3.861, 0.000
3.861, 0.000
3.372, 0.000
2.938, 0.000
1.419, 2.500
0.000, 0.000
-0.659, 0.000
-1.582, -0.058
-3.155, -0.624
-4.349, -0.326
-5.000, -0.136
-5.000, -0.163
-5.000, 0.000
-5.000, 0.000
-5.000, 0.000
-5.000, 0.000
-5.000, 1.221
0.000, 0.085
0.008, 0.000
0.008, -0.547
0.714, -1.194
1.039, -0.760
1.093, 0.000
1.093, 0.000
1.365, 0.000
1.365, 0.000
1.365, 0.000
1.365, 0.000
1.365, 0.000
1.365, 0.000
1.365, 0.000
1.365, 0.000
1.419, 0.000
1.745, 0.000
2.233, 0.109
2.504, 0.109
2.830, 0.054
2.830, 0.000
2.830, 0.109
2.938, 0.380
2.938, 1.221
1.636, 0.520
0.000, 0.000
0.000, 0.000
0.000, 0.000
0.000, 0.000
0.000, 0.000
0.000, 0.000
0.000, 0.000
0.000, 0.000
0.000, 0.000
0.000, 0.000
0.000, 0.000
0.000, 0.000
0.000, 0.000
0.000, 0.000
0.000, 0.000
0.000, 0.000
0.000, 0.000
0.000, 0.000
0.000, 0.000
0.000, 0.000
0.000, 0.000
0.000, 0.000
0.000, 0.000
0.000, 0.000
0.000, 0.000
0.000, 0.000
0.000, 0.000
0.000, 0.000
0.000, 0.000
0.000, 0.000
0.000, 0.000
0.000, 0.000
0.000, 0.000
0.000, 0.000
