Wheelbase: 2.6
InitialPose: 0,0,0,0
Dt: 0.100
3.000, 0.000
3.000, 0.000
3.000, 0.000
3.000, 0.000
3.000, 0.000
3.000, 0.000
3.000, 0.000
3.000, 0.000
3.000, 0.000
3.000, 0.000
3.000, 0.000
3.000, 0.000
3.000, 0.000
3.000, 0.000
3.000, 0.000
3.000, 0.000
3.000, 0.000
3.000, 0.000
3.000, 0.000
3.000, 0.000
3.000, 0.000
3.000, 0.000
3.000, 0.000
3.000, 0.000
3.000, 0.000
3.000, 0.000
3.000, 0.000
3.000, 0.000
3.000, 0.000
3.000, 0.000
3.000, 0.000
3.000, 0.000
3.000, 0.000
3.000, 0.000
3.000, 0.000
3.000, 0.000
3.000, 0.000
3.000, 0.000
3.000, 0.000
3.000, 0.000
3.000, 0.000
3.000, 0.000
3.000, 0.000
3.000, 0.000
3.000, 0.000
3.000, 0.000
3.000, 0.000
3.000, 0.000
3.000, 0.000
3.000, 0.000
3.000, 0.000
3.000, 0.000
3.000, 0.000
3.000, 0.000
3.000, 0.000
3.000, 0.000
3.000, 0.000
3.000, 0.000
3.000, 0.000
3.000, 0.000
3.000, 0.000
3.000, 0.000
3.000, 0.000
3.000, 0.000
3.000, 0.000
3.000, 0.000
3.000, 0.000
3.000, 0.000
3.000, 0.000
3.000, 0.000
3.000, 0.000
3.000, 0.000
3.000, 0.000
3.000, 0.000
3.000, 0.000
3.000, 0.000
3.000, 0.000
3.000, 0.000
3.000, 0.000
3.000, 0.000
3.000, 0.000
3.000, 0.000
3.000, 0.000
3.000, 0.000
3.000, 0.000
3.000, 0.000
3.000, 0.000
3.000, 0.000
3.000, 0.000
3.000, 0.000
3.000, 0.000
3.000, 0.000
3.000, 0.000
3.000, 0.000
3.000, 0.000
3.000, 0.000
3.000, 0.000
3.000, 0.000
3.000, 0.000
3.000, 0.000
