Wheelbase: 2.6
InitialPose: 0,0,0.082,0
Dt: 0.100
4.000, 0.000
4.000, 0.000
4.000, 0.000
4.000, 0.000
4.000, 0.000
4.000, 0.000
4.000, 0.000
4.000, 0.000
4.000, 0.000
4.000, 0.000
4.000, 0.000
4.000, 0.000
4.000, 0.000
4.000, 0.000
4.000, 0.000
4.000, 0.000
4.000, 0.000
4.000, 0.000
4.000, 0.000
4.000, 0.000
4.000, 0.000
4.000, 0.000
4.000, 0.000
4.000, 0.000
4.000, 0.000
4.000, 0.000
4.000, 0.000
4.000, 0.000
4.000, 0.000
4.000, 0.000
4.000, 0.000
4.000, 0.000
4.000, 0.000
4.000, 0.000
4.000, 0.000
4.000, 0.000
4.000, 0.000
4.000, 0.000
4.000, 0.000
4.000, 0.000
4.000, 0.000
4.000, 0.000
4.000, 0.000
4.000, 0.000
4.000, 0.000
4.000, 0.000
4.000, 0.000
4.000, 0.000
4.000, 0.000
4.000, 0.000
4.000, 0.000
4.000, 0.000
4.000, 0.000
4.000, 0.000
4.000, 0.000
4.000, 0.000
4.000, 0.000
4.000, 0.000
4.000, 0.000
4.000, 0.000
4.000, 0.000
4.000, 0.000
4.000, 0.000
4.000, 0.000
4.000, 0.000
4.000, 0.000
4.000, 0.000
4.000, 0.000
4.000, 0.000
4.000, 0.000
4.000, 0.000
4.000, 0.000
4.000, 0.000
4.000, 0.000
4.000, 0.000
4.000, 0.000
4.000, 0.000
4.000, 0.000
4.000, 0.000
4.000, 0.000
4.000, 0.000
4.000, 0.000
4.000, 0.000
4.000, 0.000
4.000, 0.000
4.000, 0.000
4.000, 0.000
4.000, 0.000
4.000, 0.000
4.000, 0.000
4.000, 0.000
4.000, 0.000
4.000, 0.000
4.000, 0.000
4.000, 0.000
4.000, 0.000
4.000, 0.000
4.000, 0.000
4.000, 0.000
4.000, 0.000
