Wheelbase: 6.2
InitialPose: 0,0,0.125,0
Dt: 0.100
7.300, 0.000
7.300, 0.000
7.300, 0.000
7.300, 0.000
7.300, 0.000
7.300, 0.000
7.300, 0.000
7.300, 0.000
7.300, 0.000
7.300, 0.000
7.300, 0.000
7.300, 0.000
7.300, 0.000
7.300, 0.000
7.300, 0.000
7.300, 0.000
7.300, 0.000
7.300, 0.000
7.300, 0.000
7.300, 0.000
7.300, 0.000
7.300, 0.000
7.300, 0.000
7.300, 0.000
7.300, 0.000
7.300, 0.000
7.300, 0.000
7.300, 0.000
7.300, 0.000
7.300, 0.000
7.300, 0.000
7.300, 0.000
7.300, 0.000
7.300, 0.000
7.300, 0.000
7.300, 0.000
7.300, 0.000
7.300, 0.000
7.300, 0.000
7.300, 0.000
7.300, 0.000
7.300, 0.000
7.300, 0.000
7.300, 0.000
7.300, 0.000
7.300, 0.000
7.300, 0.000
7.300, 0.000
7.300, 0.000
7.300, 0.000
7.300, 0.000
7.300, 0.000
7.300, 0.000
7.300, 0.000
7.300, 0.000
7.300, 0.000
7.300, 0.000
7.300, 0.000
7.300, 0.000
7.300, 0.000
7.300, 0.000
7.300, 0.000
7.300, 0.000
7.300, 0.000
7.300, 0.000
7.300, 0.000
7.300, 0.000
7.300, 0.000
7.300, 0.000
7.300, 0.000
7.300, 0.000
7.300, 0.000
7.300, 0.000
7.300, 0.000
7.300, 0.000
7.300, 0.000
7.300, 0.000
7.300, 0.000
7.300, 0.000
7.300, 0.000
7.300, 0.000
7.300, 0.000
7.300, 0.000
7.300, 0.000
7.300, 0.000
7.300, 0.000
7.300, 0.000
7.300, 0.000
7.300, 0.000
7.300, 0.000
7.300, 0.000
7.300, 0.000
7.300, 0.000
7.300, 0.000
7.300, 0.000
7.300, 0.000
7.300, 0.000
7.300, 0.000
7.300, 0.000
